-1864.9912626551159
-1813.9942402917386
-1803.2645529393674
-1803.698955057405
-1825.5360746911747
-1776.326024518006
-1790.1458226360735
-1788.2618320560348
-1789.4455849285582
-1823.9068460019748
-1738.4518571746305
-1772.3572341081958
-1798.9659791989566
-1799.8802516865712
-1783.9236152268807
-1728.2001040462724
-1707.0687901037638
-1729.4583309503619
-1677.2365350422835
-1711.363192948429
-1731.381723367397
-1738.2343631993895
-1747.1731528293897
-1725.150177755826
-1676.48173890124
-1753.3598796415993
-1724.5995703957083
-1746.00946334908
-1788.8679049078034
-1677.3080147183155
-1793.5207867278614
-1740.6160216637022
-1734.8289793187823
-1692.8397913892402
-1671.0390279891053
-1671.0711264992742
-1641.4549075425402
-1665.1603881086714
-1701.038272076416
-1637.6071752170585
-1634.1636193240722
-1664.0107335989146
-1591.574623873861
-1633.8284584392047
-1746.0258349434694
-1678.967422999061
-1623.131299049087
-1590.9425813098478
-1553.4792714797104
-1657.2919532852918
-1620.0715803406429
-1569.5886509006023
-1573.9437104106507
-1585.6525876655605
-1622.168572772971
-1604.5559233703063
-1552.7777394326931
-1582.117169991617
-1587.988292369038
-1562.5904924263025
-1562.4485172742861
-1530.9502807104445
-1517.82323273026
-1613.2403702092442
-1518.8410425008017
-1604.1727292371388
-1557.40432499915
-1516.2142536705394
-1499.982270486151
-1521.5731239190645
-1607.173256424872
-1547.9110005044693
-1463.2846762810625
-1502.2535248891763
-1523.3096787207514
-1524.4308035223078
-1466.4432083120919
-1514.8748351966324
-1498.1851025133153
-1532.4887891758444
-1458.716499141191
-1508.186746458662
-1556.052887154717
-1470.3845684825494
-1394.057793072204
-1479.919421567193
-1437.6590981335019
-1505.152235291984
-1441.975358724232
-1410.0188174921775
-1436.3091294027568
-1460.2612189611943
-1510.9453246263615
-1429.270511666118
-1483.9603819776105
-1470.8372287228292
-1465.4316354228392
-1569.3737358848587
-1485.6404883645093
-1432.8631310185303
-1383.2733032973924
-1506.2264782345683
-1458.8474720406618
-1410.7549595416458
-1406.7078279967461
-1465.8209517301214
-1444.3225739411698
-1452.8589168674644
-1382.9622552046308
-1396.7119170647834
-1403.6753857158417
-1371.8163047637197
-1362.9931136048992
-1434.1470378881352
-1432.6648521613633
-1385.2841583641582
-1431.2316502630877
-1383.430590262528
-1336.117636407584
-1419.2822552937018
-1389.835797939107
-1331.2555598529595
-1402.2703662800036
-1350.4774406593017
-1381.5030278952172
-1384.8056351855744
-1291.3237048659357
-1392.128308715346
-1312.9641433701602
-1380.16241239122
-1329.6859862636911
-1401.9478341363626
-1356.879919704437
-1330.0144551689996
-1348.3485881973493
-1371.426383445727
-1373.5151071510904
-1379.7874824795174
-1388.1924973238417
-1276.4005005520075
-1350.3807014417482
-1292.121922205387
-1321.4951982743364
-1274.8032876087223
-1273.1840667969007
-1273.46896126328
-1351.8539456136468
-1262.0609469469432
-1226.2133380196099
-1357.8638568019228
-1288.7189695767524
-1265.8904930871836
-1265.7019909782925
-1265.9314483066437
-1449.4051957412319
-1289.2727432177976
-1296.126410258893
-1250.9172041656618
-1320.1663198214683
-1336.650761476792
-1269.639775139681
-1221.1343837234538
-1387.3844965415633
-1261.7988226078717
-1269.2189070872544
-1271.955208804007
-1304.1092927692396
-1235.222132546446
-1377.830824322523
-1221.308308812074
-1269.895246440549
-1263.0676307499098
-1223.8634049034931
-1245.1627768996107
-1241.282764805467
-1266.3307756704655
-1339.1383189906778
-1289.2753592858767
-1216.1621341209984
-1387.29347284396
-1200.280720656177
-1206.89693035265
-1177.655263944249
-1205.1587609071405
-1189.297811444808
-1241.569024342516
-1203.4887162450639
-1209.7929138627314
-1283.6100458019223
-1175.9270960937995
-1200.8837206050941
-1213.2391497057367
-1186.0023611276554
-1175.8918118122353
-1217.530246560212
-1236.8957447955268
-1306.6304606739593
-1214.6938744844679
-1163.4381168816515
-1218.781094925496
-1246.1307875631644
-1408.8155579963354
-1193.048154281604
-1200.0439240662217
-1192.7646664963468
-1186.8341555595748
-1289.1618313944753
-1213.5478845159844
-1157.166930590694
-1215.8389654279272
-1129.2254629491904
-1201.5579522963012
-1203.895464303479
-1256.4203427829627
-1197.119132032956
-1124.7430925311123
-1204.3308425067714
-1219.981557193692
-1213.624923589
-1172.0742324737091
-1122.175613542299
-1294.9374318103353
-1154.5305873857674
-1205.5325765389416
-1126.7830157974818
-1173.5614779623363
-1249.426362929981
-1163.3815213391306
-1226.0401956317971
-1141.4951095756483
-1151.8007355550506
-1231.5414245063903
-1163.1285989324983
-1078.074396561917
-1316.8058593165258
-1106.238687620585
-1099.7008803163708
-1149.7642147748536
-1310.991897306794
-1200.3698979408282
-1161.1278959569577
-1184.638693473128
-1160.1331736451507
-1438.609296720474
-1181.6981031454943
-1087.1018363486073
-1140.604921777079
-1072.8002153608727
-1085.4915480819043
-1182.0830987739828
-1169.1557053213185
-1157.2146396916214
-1083.3113649315706
-1086.139730288264
-1221.4821723978368
-1150.3555261812253
-1088.148359902761
-1088.0629498425487
-1059.269590984208
-1310.2218134758934
-1123.2465042436024
-1186.788221716212
-1104.321894065669
-1134.3804864914305
-1074.31944575524
-1219.1849141313492
-1066.751238273278
-1123.0332960009137
-1039.1362589404603
-1087.223552763185
-1241.4272414478849
-1063.8446867441255
-1101.5419486733545
-1077.0295321901926
-1154.7598145479835
-1131.024883042811
-1112.827175814294
-1256.3503952859862
-1215.5544201251403
-1188.4261061071288
-1125.009128005701
-1095.2471001544839
-1169.8078334235868
-1145.9576371868773
-1151.8529045234936
-1169.514465967588
-1135.6583066599762
-1113.5882122310754
-1126.5507816975069
-1079.0232008501207
-1060.6632204511222
-1074.4954732458832
-1431.4442641702358
-1073.96295619955
-1084.9736227123178
-1072.1156917185133
-1124.7332409348594
-1065.2356841531173
-1103.5484927147188
-1137.5298286357379
-1044.084100050686
-1152.2867578635635
-1042.5847335153771
-1018.8121735245409
-1226.1895125798249
-1002.7380124078736
-1056.4985261060608
-1016.9202498276427
-997.0733624059022
-1097.452564200967
-1335.088071342383
-1008.0438951083703
-1057.5223508207068
-1006.504497504426
-1033.9454746774577
-1056.8208611131395
-1065.4514594018563
-1205.434014110127
-1075.9453839730566
-988.0510006044262
-1116.5327012624505
-1024.3110029397492
